image_width: 1280
image_height: 1024
camera_name: narrow_stereo/right
camera_matrix:
  rows: 3
  cols: 3
  data: [1798.70504,    0.     ,  708.84577,
            0.     , 1796.16213,  534.5146 ,
            0.     ,    0.     ,    1.     ]
distortion_model: plumb_bob
distortion_coefficients:
  rows: 1
  cols: 5
  data: [-0.368087, 0.294040, 0.006602, -0.010818, 0.000000]
rectification_matrix:
  rows: 3
  cols: 3
  data: [ 0.9861517 , -0.00429194, -0.16579024,
          0.00302874,  0.99996443, -0.00787137,
          0.16581812,  0.00726023,  0.98612963]
projection_matrix:
  rows: 3
  cols: 4
  data: [2053.70408,    0.     ,  958.53669,  -11.69116,
            0.     , 2053.70408,  559.11391,    0.     ,
            0.     ,    0.     ,    1.     ,    0.     ]
